camera_matrix:
- - 515.8456
  - 0.0
  - 224.2397
- - 0.0
  - 510.8645
  - 215.6325
- - 0.0
  - 0.0
  - 1.0
dist_coeff:
- - 0.1004
  - -0.0059
  - 0.00
  - 0.00
  - 0.00
rms: 0.22862863026456182
