camera_matrix:
- - 480.13231790705703
  - 0.0
  - 259.92384740857096
- - 0.0
  - 473.4381971857529
  - 261.9883752220505
- - 0.0
  - 0.0
  - 1.0
dist_coeff:
- - 0.119891378522342
  - -0.5074230007533882
  - -0.008219645065624778
  - -0.011156540696147405
  - 0.629741647833911
rms: 0.22862863026456182
